# Train        Test        
    0.398346     0.336165 
    0.338721     0.336165 
    0.339266     0.336165 
    0.338721     0.336165 
    0.338431     0.336165 
    0.340145     0.336165 
    0.338721     0.336165 
    0.338721     0.336165 
    0.338721     0.336165 
    0.338721     0.336165 
    0.338721     0.336165 
    0.338721     0.336165 
    0.367191     0.336165 
    0.338721     0.336165 
    0.338721     0.336165 
    0.338534     0.336165 
    0.338712     0.336165 
    0.338650     0.336165 
    0.337388     0.336093 
    0.357348     0.336165 
    0.338721     0.336165 
    0.338721     0.336165 
    0.338721     0.336165 
    0.339039     0.336165 
    0.338721     0.336165 
    0.338721     0.336165 
    0.338676     0.336165 
    0.339741     0.336165 
    0.338721     0.336165 
    0.338721     0.336165 
    0.338721     0.336165 
    0.338721     0.336165 
    0.338721     0.336165 
    0.338840     0.336165 
    0.338721     0.336165 
    0.338721     0.336165 
    0.338525     0.336165 
    0.338555     0.336165 
    0.338427     0.336165 
    0.337456     0.336165 
    0.335474     0.336165 
    0.336107     0.335973 
    0.333938     0.336165 
    0.337547     0.336165 
    0.335938     0.336165 
    0.336162     0.336114 
    0.340464     0.336165 
    0.329584     0.336165 
    0.327043     0.315986 
    0.321261     0.316932 
    0.311655     0.284109 
    0.326301     0.300233 
    0.317053     0.289553 
    0.311719     0.304010 
    0.307695     0.281259 
    0.306994     0.284233 
    0.299640     0.280423 
    0.304534     0.249659 
    0.276606     0.216970 
    0.265606     0.202752 
    0.242783     0.176783 
    0.224454     0.175132 
    0.205485     0.161554 
    0.195212     0.165223 
    0.195998     0.153828 
    0.192691     0.158302 
    0.189542     0.146716 
    0.211160     0.151464 
    0.186833     0.155241 
    0.173218     0.131089 
    0.173050     0.121314 
    0.171017     0.109433 
    0.163366     0.118884 
    0.170789     0.105762 
    0.160123     0.109253 
    0.153031     0.100328 
    0.155078     0.106847 
    0.158294     0.098247 
    0.135958     0.099481 
    0.143053     0.115363 
    0.138403     0.107064 
    0.150992     0.100734 
    0.155890     0.093786 
    0.148719     0.099655 
    0.146338     0.099665 
    0.148253     0.098179 
    0.136251     0.123042 
    0.138987     0.109851 
    0.147112     0.094133 
    0.127897     0.088085 
    0.130100     0.107853 
    0.137799     0.095154 
    0.130110     0.086579 
    0.135281     0.075598 
    0.132017     0.086273 
    0.130919     0.088071 
    0.120231     0.065339 
    0.113474     0.070079 
    0.118559     0.062125 
    0.122605     0.075034 
    0.120654     0.064958 
    0.121964     0.058617 
    0.120175     0.060274 
    0.109510     0.056071 
    0.120486     0.077057 
    0.114250     0.062932 
    0.116918     0.055135 
    0.113039     0.048618 
    0.114388     0.059849 
    0.109081     0.076261 
    0.111629     0.049720 
    0.114001     0.044024 
    0.115519     0.042261 
    0.114170     0.038941 
    0.111605     0.045845 
    0.103125     0.047802 
    0.101984     0.064754 
    0.105879     0.055253 
    0.107654     0.055117 
    0.115542     0.059467 
    0.099242     0.050385 
    0.099991     0.061298 
    0.104532     0.047874 
    0.095639     0.038359 
    0.092743     0.047949 
    0.102562     0.040811 
    0.115270     0.050670 
    0.088912     0.048743 
    0.107220     0.038289 
    0.102378     0.047585 
    0.100820     0.054992 
    0.103827     0.040540 
    0.094211     0.043964 
    0.101087     0.035415 
    0.100220     0.047497 
    0.104484     0.041981 
    0.096222     0.070902 
    0.101170     0.049435 
    0.096511     0.033229 
    0.106645     0.044409 
    0.103995     0.054442 
    0.103498     0.038503 
    0.092541     0.039458 
    0.091354     0.039090 
    0.096541     0.035791 
    0.095902     0.046602 
    0.098062     0.037796 
    0.090718     0.040252 
    0.085596     0.050924 
    0.095906     0.035055 
    0.096644     0.033615 
    0.083563     0.042837 
    0.098915     0.082857 
    0.093292     0.064573 
    0.091166     0.044359 
    0.090915     0.040041 
    0.088667     0.047233 
    0.089461     0.061913 
    0.096742     0.063979 
    0.097657     0.045427 
    0.095173     0.039323 
    0.095460     0.079766 
    0.087385     0.041724 
    0.083539     0.038514 
    0.098532     0.040512 
    0.089669     0.042562 
    0.093333     0.034258 
    0.088091     0.041203 
    0.084600     0.039199 
    0.097324     0.039419 
    0.098132     0.042455 
    0.095443     0.047488 
    0.091370     0.048462 
    0.084221     0.036785 
    0.085310     0.059632 
    0.093552     0.049121 
    0.082828     0.035500 
    0.088560     0.039673 
    0.084431     0.040312 
    0.106080     0.053581 
    0.111531     0.049059 
    0.099799     0.042970 
    0.086112     0.042273 
    0.087086     0.049584 
    0.086391     0.044306 
    0.084174     0.044585 
    0.102685     0.041869 
    0.082815     0.063758 
    0.090025     0.053614 
    0.081679     0.051025 
    0.096291     0.045269 
    0.083955     0.034320 
    0.092423     0.038488 
    0.083940     0.053608 
    0.095520     0.027964 
    0.091630     0.040986 
    0.080990     0.040137 
    0.093647     0.038070 
    0.083325     0.040089 
    0.082949     0.038733 
    0.073068     0.028994 
    0.082027     0.036998 
    0.082114     0.029352 
    0.089625     0.030832 
    0.066321     0.030080 
    0.078436     0.029846 
    0.081410     0.028832 
    0.072231     0.034006 
    0.081238     0.026439 
    0.085969     0.030708 
    0.072072     0.033513 
    0.075101     0.026542 
    0.083779     0.031770 
    0.079153     0.029765 
    0.081825     0.030296 
    0.085637     0.031202 
    0.082555     0.035413 
    0.080748     0.033004 
    0.079096     0.033089 
    0.072437     0.034973 
    0.080498     0.035791 
    0.079012     0.028748 
    0.088857     0.030433 
    0.067699     0.031893 
    0.069411     0.031414 
    0.074777     0.025901 
    0.083531     0.024821 
    0.080856     0.030372 
    0.085152     0.029845 
    0.074954     0.033095 
    0.083489     0.032099 
    0.076248     0.030165 
    0.074803     0.027340 
    0.078538     0.029735 
    0.088989     0.032793 
    0.079617     0.030307 
    0.069944     0.030340 
    0.078796     0.033844 
    0.087446     0.032895 
    0.073668     0.024603 
    0.075849     0.026269 
    0.076625     0.028680 
    0.076904     0.023072 
    0.078393     0.028624 
    0.080138     0.028701 
    0.076939     0.033369 
    0.072838     0.029424 
    0.073905     0.034986 
    0.077640     0.027880 
    0.080106     0.027520 
    0.073448     0.033148 
    0.069429     0.033495 
    0.076503     0.025622 
    0.081839     0.030602 
    0.077525     0.028396 
    0.073072     0.027918 
    0.069636     0.030729 
    0.083629     0.031662 
    0.076717     0.025528 
    0.079388     0.027188 
    0.068063     0.028561 
    0.077799     0.034816 
    0.079799     0.027102 
    0.084382     0.028463 
    0.078875     0.040210 
    0.085064     0.036027 
    0.080028     0.027080 
    0.071762     0.033807 
    0.072627     0.035293 
    0.067027     0.029186 
    0.072725     0.027571 
    0.074914     0.032463 
    0.075138     0.027612 
    0.096288     0.027000 
    0.073737     0.026236 
    0.075463     0.023630 
    0.078747     0.024121 
    0.076841     0.028474 
    0.081141     0.029777 
    0.076384     0.028676 
    0.073247     0.033319 
    0.086719     0.032705 
    0.087178     0.041341 
    0.074939     0.029466 
    0.065753     0.029382 
    0.074492     0.033197 
    0.078973     0.029584 
    0.075003     0.031111 
    0.070063     0.025168 
    0.080518     0.023969 
    0.074456     0.023721 
    0.082627     0.031225 
    0.069994     0.025640 
    0.078987     0.034457 
    0.083284     0.034005 
    0.068144     0.030561 
    0.075156     0.029576 
    0.072236     0.026809 
    0.078820     0.030057 
    0.074136     0.031262 
    0.074681     0.031755 
    0.080577     0.026924 
    0.067827     0.029942 
    0.077246     0.030324 
    0.082563     0.030721 
    0.082442     0.026999 
    0.069957     0.025932 
    0.071021     0.030240 
    0.080935     0.027393 
    0.090904     0.033246 
    0.073705     0.025728 
    0.073574     0.027476 
    0.064546     0.038588 
    0.080808     0.028710 
    0.085678     0.030387 
    0.075107     0.026950 
    0.074122     0.031802 
    0.077720     0.037708 
    0.072563     0.031456 
    0.074442     0.026448 
    0.076128     0.031522 
    0.081648     0.026900 
    0.073241     0.026141 
    0.073702     0.027115 
    0.081401     0.028621 
    0.069422     0.023677 
    0.066198     0.023129 
    0.073033     0.022670 
    0.076876     0.029953 
    0.080479     0.032240 
    0.071815     0.029261 
    0.070561     0.024425 
    0.083380     0.026234 
    0.073225     0.027539 
    0.082245     0.026451 
    0.075245     0.023498 
    0.068809     0.022703 
    0.079023     0.030533 
    0.076742     0.026286 
    0.077696     0.024054 
    0.076312     0.033346 
    0.075664     0.021389 
    0.073296     0.026159 
    0.067880     0.026869 
    0.071624     0.032928 
    0.068930     0.025567 
    0.092493     0.030835 
    0.075644     0.028061 
    0.064558     0.026200 
    0.072124     0.032617 
    0.068389     0.030005 
    0.076075     0.031673 
    0.078157     0.024823 
    0.076725     0.024387 
    0.075709     0.028730 
    0.075413     0.027913 
    0.090337     0.035506 
    0.075268     0.028018 
    0.063765     0.024495 
    0.079981     0.023197 
    0.067934     0.031075 
    0.073749     0.029481 
    0.078721     0.030772 
    0.074135     0.032472 
    0.081878     0.028754 
    0.080154     0.031694 
    0.074950     0.030123 
    0.074525     0.031432 
    0.077134     0.028841 
    0.075152     0.029512 
    0.071787     0.024485 
    0.069691     0.026187 
    0.080566     0.029778 
    0.075455     0.029057 
    0.074847     0.029250 
    0.072464     0.027486 
    0.074610     0.044085 
    0.069223     0.022832 
    0.074136     0.023824 
    0.069390     0.025019 
    0.074166     0.026505 
    0.087290     0.029188 
    0.069242     0.025731 
    0.067260     0.019700 
    0.065514     0.022819 
    0.075678     0.023571 
    0.069833     0.033390 
    0.075227     0.031203 
    0.081757     0.027717 
    0.065522     0.023622 
    0.079816     0.025016 
    0.066368     0.025524 
    0.073359     0.027096 
    0.072770     0.031241 
    0.077528     0.038276 
    0.077917     0.027305 
    0.074516     0.034900 
    0.081361     0.031067 
    0.075299     0.028492 
    0.066222     0.022152 
    0.067941     0.028467 
    0.076038     0.026430 
    0.074886     0.026646 
    0.059998     0.026719 
    0.070521     0.025496 
    0.075284     0.022164 
    0.075741     0.039910 
    0.066517     0.029534 
    0.074146     0.027522 
    0.071231     0.029918 
    0.075241     0.033554 
    0.078900     0.030352 
    0.060119     0.031818 
    0.062474     0.037322 
    0.082129     0.033112 
    0.078270     0.031562 
    0.076389     0.032215 
    0.070829     0.027555 
    0.069738     0.029308 
    0.069796     0.028966 
    0.070546     0.033262 
    0.074565     0.025547 
    0.070979     0.028473 
    0.067762     0.028586 
    0.073563     0.027775 
    0.063831     0.028604 
    0.058169     0.026707 
    0.074611     0.039568 
    0.070398     0.034809 
    0.079402     0.024064 
    0.070952     0.038286 
    0.074856     0.031986 
    0.074466     0.030274 
    0.070063     0.026103 
    0.075056     0.034084 
    0.080785     0.036747 
    0.068829     0.028630 
    0.062811     0.030537 
    0.059229     0.033736 
    0.070867     0.026013 
    0.072830     0.026407 
    0.079467     0.028936 
    0.058626     0.028976 
    0.064545     0.030783 
    0.069800     0.027134 
    0.074882     0.032752 
    0.074461     0.031350 
    0.078544     0.030509 
    0.062281     0.035895 
    0.076384     0.030075 
    0.064306     0.024712 
    0.071172     0.022421 
    0.087029     0.026026 
    0.073986     0.029816 
    0.070261     0.030398 
    0.073312     0.031859 
    0.069590     0.028520 
    0.065574     0.037825 
    0.067821     0.032447 
    0.073771     0.027996 
    0.083173     0.041756 
    0.090631     0.033136 
    0.070450     0.028064 
    0.077668     0.026808 
    0.072374     0.024602 
    0.067855     0.028250 
    0.065215     0.023873 
    0.074986     0.018983 
    0.077455     0.021968 
    0.074906     0.029066 
    0.070273     0.039066 
    0.082171     0.035679 
    0.068013     0.024449 
    0.076625     0.036488 
    0.074638     0.027972 
    0.079008     0.023685 
    0.072136     0.045430 
    0.078423     0.029087 
    0.067782     0.037334 
    0.071696     0.029637 
    0.067540     0.023963 
    0.063699     0.023907 
    0.062700     0.024056 
    0.068295     0.035797 
    0.081008     0.026102 
    0.069103     0.026242 
    0.067576     0.025802 
    0.071143     0.021686 
    0.073954     0.022084 
    0.073038     0.032834 
    0.080524     0.035005 
    0.077255     0.028059 
    0.065941     0.026322 
    0.065677     0.031347 
    0.067326     0.027974 
    0.062083     0.031108 
    0.072631     0.029162 
    0.060912     0.027433 
    0.079964     0.026894 
    0.078256     0.030316 
