# Train        Test        
    0.371483     0.337432 
    0.357886     0.337804 
    0.341189     0.337804 
    0.340272     0.336087 
    0.341627     0.337804 
    0.340774     0.337804 
    0.340720     0.337391 
    0.341426     0.337565 
    0.341236     0.337779 
    0.342410     0.337788 
    0.341399     0.337804 
    0.341400     0.337804 
    0.360255     0.337411 
    0.346002     0.337804 
    0.341189     0.337804 
    0.339228     0.313005 
    0.319198     0.245083 
    0.235949     0.163405 
    0.187948     0.162127 
    0.165422     0.132915 
    0.148343     0.107125 
    0.136497     0.103252 
    0.135144     0.103856 
    0.121435     0.089865 
    0.123492     0.095630 
    0.124310     0.084444 
    0.113330     0.081824 
    0.114436     0.092182 
    0.122334     0.077983 
    0.112842     0.071662 
    0.108647     0.073030 
    0.105254     0.075783 
    0.109584     0.082783 
    0.111755     0.086672 
    0.115589     0.084918 
    0.108781     0.077219 
    0.110085     0.074821 
    0.112785     0.106215 
    0.113700     0.085353 
    0.113258     0.090751 
    0.109589     0.079852 
    0.105221     0.066914 
    0.107647     0.074576 
    0.103643     0.077402 
    0.106610     0.069686 
    0.113630     0.076995 
    0.102675     0.069064 
    0.098781     0.082758 
    0.107933     0.081352 
    0.108345     0.062552 
    0.108898     0.079668 
    0.106118     0.072190 
    0.119396     0.077117 
    0.115812     0.081573 
    0.118086     0.094643 
    0.123688     0.102489 
    0.126135     0.088795 
    0.112324     0.077413 
    0.123364     0.086931 
    0.121523     0.096598 
    0.109031     0.088317 
    0.112900     0.091090 
    0.109811     0.081507 
    0.114055     0.081519 
    0.113861     0.080922 
    0.111305     0.091829 
    0.111135     0.094565 
    0.111005     0.094573 
    0.116356     0.081815 
    0.111685     0.093321 
    0.113308     0.103805 
    0.112545     0.094365 
    0.118988     0.088493 
    0.120832     0.093658 
    0.110661     0.084117 
    0.113488     0.087106 
    0.122855     0.096307 
    0.113915     0.067317 
    0.113890     0.094245 
    0.107336     0.090805 
    0.107280     0.076521 
    0.110155     0.077156 
    0.109057     0.076140 
    0.104877     0.086173 
    0.108944     0.082064 
    0.108035     0.077852 
    0.100369     0.064902 
    0.106305     0.069473 
    0.104535     0.075911 
    0.097524     0.083755 
    0.104537     0.075243 
    0.101577     0.085612 
    0.109482     0.071148 
    0.102349     0.078138 
    0.109077     0.068227 
    0.107952     0.071670 
    0.102889     0.080638 
    0.097942     0.082925 
    0.102688     0.070070 
    0.101322     0.088647 
    0.106348     0.073268 
    0.111766     0.073763 
    0.110487     0.090473 
    0.110491     0.064286 
    0.105698     0.076486 
    0.105003     0.070848 
    0.102201     0.066180 
    0.094650     0.072146 
    0.098351     0.069954 
    0.100305     0.072807 
    0.100970     0.079300 
    0.100511     0.078386 
    0.098074     0.071648 
    0.106323     0.070969 
    0.094204     0.061807 
    0.101048     0.086439 
    0.098477     0.075529 
    0.099294     0.090440 
    0.105342     0.076994 
    0.101608     0.078488 
    0.098406     0.060735 
    0.093676     0.060269 
    0.099746     0.079107 
    0.107257     0.075058 
    0.093827     0.064431 
    0.097824     0.081680 
    0.098421     0.063331 
    0.096311     0.079777 
    0.102767     0.065294 
    0.101792     0.069714 
    0.097731     0.058596 
    0.105099     0.073434 
    0.099949     0.075752 
    0.104136     0.063868 
    0.099160     0.065517 
    0.099153     0.071684 
    0.098318     0.069396 
    0.097147     0.092361 
    0.099406     0.068411 
    0.100273     0.067683 
    0.098501     0.064526 
    0.092033     0.063276 
    0.094367     0.062326 
    0.098447     0.070961 
    0.099507     0.066537 
    0.094653     0.074709 
    0.099333     0.067659 
    0.095167     0.058654 
    0.097804     0.063940 
    0.099910     0.066067 
    0.099096     0.074886 
    0.097115     0.085500 
    0.095204     0.063791 
    0.093378     0.074672 
    0.091878     0.060198 
    0.099594     0.070362 
    0.092532     0.065691 
    0.095762     0.075754 
    0.106213     0.057336 
    0.098145     0.073708 
    0.099064     0.069123 
    0.096253     0.059987 
    0.098654     0.057329 
    0.092758     0.056741 
    0.096520     0.062492 
    0.096041     0.064635 
    0.092445     0.064274 
    0.098575     0.060591 
    0.096535     0.061629 
    0.092681     0.069246 
    0.101190     0.057061 
    0.097936     0.066686 
    0.091458     0.070416 
    0.101568     0.067197 
    0.098517     0.073849 
    0.103778     0.079850 
    0.093723     0.056014 
    0.094808     0.071163 
    0.096335     0.074059 
    0.099122     0.069910 
    0.096712     0.060916 
    0.097157     0.069901 
    0.095338     0.062833 
    0.101246     0.056999 
    0.087083     0.053278 
    0.091598     0.070681 
    0.089434     0.065384 
    0.084959     0.064542 
    0.093349     0.056921 
    0.097658     0.059296 
    0.099933     0.060454 
    0.098268     0.064271 
    0.101329     0.060187 
    0.097607     0.081462 
    0.100641     0.057841 
    0.097487     0.070705 
    0.094373     0.059263 
    0.101164     0.073105 
    0.097998     0.062681 
    0.091515     0.065957 
    0.098537     0.051838 
    0.095991     0.064007 
    0.093351     0.072167 
    0.091193     0.053562 
    0.087793     0.053880 
    0.099675     0.068828 
    0.095867     0.072367 
    0.093426     0.067820 
    0.099185     0.059094 
    0.090279     0.055559 
    0.095114     0.075504 
    0.095042     0.059962 
    0.098190     0.086902 
    0.092235     0.059839 
    0.087540     0.070132 
    0.093213     0.067547 
    0.094633     0.068215 
    0.098220     0.057560 
    0.094293     0.074978 
    0.094970     0.060391 
    0.097644     0.061952 
    0.097881     0.060497 
    0.093318     0.068274 
    0.092922     0.076168 
    0.088156     0.053036 
    0.092991     0.070055 
    0.088117     0.077478 
    0.087583     0.058512 
    0.086946     0.063528 
    0.095092     0.066598 
    0.098022     0.075702 
    0.093153     0.067294 
    0.090235     0.053998 
    0.084180     0.070860 
    0.092702     0.061257 
    0.092454     0.050983 
    0.093709     0.059929 
    0.093548     0.055189 
    0.089479     0.055022 
    0.098845     0.101457 
    0.092772     0.054175 
    0.083754     0.051873 
    0.088578     0.063954 
    0.091455     0.056786 
    0.093352     0.060453 
    0.091213     0.058616 
    0.093875     0.058954 
    0.090079     0.061907 
    0.099913     0.077471 
    0.087572     0.059781 
    0.091876     0.065940 
    0.085448     0.044878 
    0.087138     0.069335 
    0.092532     0.060077 
    0.088911     0.060700 
    0.086533     0.053685 
    0.089005     0.064540 
    0.081886     0.062785 
    0.088163     0.066981 
    0.087805     0.063299 
    0.085737     0.059333 
    0.091318     0.055585 
    0.087921     0.053321 
    0.087109     0.058363 
    0.086601     0.050332 
    0.087178     0.059348 
    0.089817     0.052971 
    0.088776     0.060312 
    0.088367     0.060032 
    0.087538     0.057862 
    0.092401     0.063312 
    0.082641     0.040872 
    0.085302     0.045907 
    0.089111     0.052404 
    0.087416     0.046530 
    0.087401     0.055151 
    0.083396     0.056370 
    0.096189     0.050825 
    0.083767     0.060680 
    0.086382     0.055069 
    0.088896     0.069687 
    0.088962     0.049788 
    0.088959     0.059830 
    0.096766     0.053215 
    0.093516     0.057244 
    0.091007     0.071837 
    0.087748     0.061788 
    0.089566     0.052852 
    0.098693     0.063184 
    0.090463     0.051699 
    0.087908     0.063240 
    0.083887     0.055490 
    0.086190     0.044037 
    0.094293     0.056427 
    0.083695     0.052571 
    0.088818     0.047391 
    0.086536     0.047621 
    0.084404     0.052190 
    0.084908     0.066231 
    0.086001     0.056572 
    0.094408     0.061692 
    0.089108     0.060145 
    0.091055     0.068960 
    0.089566     0.053862 
    0.089734     0.053928 
    0.087832     0.063391 
    0.087915     0.048130 
    0.087414     0.051636 
    0.084365     0.054009 
    0.088844     0.052059 
    0.084365     0.056752 
    0.086445     0.059218 
    0.086361     0.064755 
    0.087177     0.052480 
    0.086046     0.055657 
    0.084378     0.055667 
    0.083517     0.051746 
    0.096169     0.066558 
    0.094454     0.056354 
    0.086573     0.054129 
    0.093669     0.050589 
    0.087470     0.060537 
    0.094035     0.052767 
    0.088599     0.064267 
    0.090303     0.058080 
    0.084557     0.050994 
    0.087737     0.076457 
    0.086985     0.060033 
    0.088924     0.054854 
    0.082543     0.042673 
    0.091261     0.057489 
    0.084346     0.052282 
    0.088767     0.050051 
    0.083256     0.058601 
    0.087108     0.055509 
    0.086822     0.062675 
    0.086385     0.055894 
    0.089311     0.057131 
    0.086179     0.059386 
    0.086355     0.054294 
    0.087749     0.061545 
    0.089735     0.053710 
    0.090863     0.058305 
    0.085215     0.060897 
    0.089020     0.053714 
    0.087101     0.068729 
    0.089312     0.053363 
    0.094580     0.070635 
    0.084221     0.055262 
    0.089368     0.056677 
    0.085432     0.048318 
    0.091573     0.052468 
    0.084856     0.054724 
    0.084261     0.050355 
    0.081850     0.060878 
    0.084987     0.047911 
    0.089675     0.087128 
    0.099914     0.057585 
    0.085605     0.049175 
    0.087103     0.075627 
    0.089084     0.053775 
    0.087789     0.067474 
    0.092795     0.064464 
    0.088257     0.061859 
    0.085160     0.059784 
    0.086255     0.062067 
    0.089226     0.051058 
    0.089328     0.055556 
    0.088057     0.053309 
    0.087402     0.054297 
    0.089931     0.045851 
    0.084377     0.052565 
    0.086058     0.049209 
    0.085671     0.060867 
    0.087169     0.068226 
    0.084147     0.053523 
    0.085648     0.054792 
    0.083468     0.047788 
    0.085006     0.047810 
    0.083223     0.064385 
    0.091229     0.067282 
    0.090326     0.057363 
    0.084525     0.054137 
    0.088165     0.067134 
    0.085281     0.050704 
    0.087106     0.052202 
    0.087612     0.069502 
    0.084322     0.056229 
    0.089942     0.054565 
    0.086475     0.050900 
    0.082705     0.059562 
    0.085644     0.068216 
    0.086513     0.048073 
    0.087690     0.058179 
    0.086956     0.048143 
    0.089680     0.057269 
    0.081513     0.055575 
    0.082045     0.050054 
    0.083850     0.062558 
    0.089165     0.051045 
    0.089658     0.048042 
    0.086563     0.045739 
    0.090863     0.064133 
    0.085215     0.046034 
    0.085277     0.064056 
    0.085302     0.051288 
    0.087208     0.065638 
    0.081602     0.061358 
    0.081305     0.054006 
    0.087157     0.057800 
    0.082706     0.067497 
    0.090428     0.057820 
    0.088648     0.061603 
    0.087166     0.070973 
    0.085573     0.057380 
    0.085366     0.058386 
    0.088381     0.058297 
    0.084354     0.048096 
    0.088274     0.054266 
    0.089338     0.050928 
    0.092908     0.045447 
    0.086230     0.070851 
    0.085314     0.045959 
    0.082666     0.061636 
    0.091750     0.054911 
    0.090291     0.057218 
    0.084661     0.061959 
    0.081041     0.053078 
    0.088056     0.064680 
    0.082691     0.053220 
    0.089821     0.053978 
    0.092132     0.075472 
    0.079366     0.061249 
    0.083713     0.060030 
    0.085034     0.050275 
    0.086798     0.075031 
    0.086788     0.061561 
    0.091628     0.059211 
    0.081812     0.057727 
    0.083850     0.052869 
    0.091369     0.053432 
    0.080318     0.052816 
    0.084562     0.060916 
    0.080518     0.060096 
    0.085338     0.052112 
    0.087054     0.051685 
    0.082744     0.046697 
    0.083156     0.081144 
    0.088306     0.048681 
    0.087445     0.061699 
    0.087421     0.058753 
    0.083209     0.058694 
    0.086225     0.055675 
    0.085999     0.046979 
    0.081306     0.061145 
    0.084974     0.046339 
    0.089737     0.057259 
    0.089048     0.046620 
    0.087133     0.055461 
    0.079913     0.063683 
    0.093280     0.059747 
    0.088614     0.060693 
    0.100437     0.067887 
    0.090586     0.054704 
    0.083515     0.051099 
    0.089006     0.068114 
    0.090659     0.052237 
    0.094694     0.069271 
    0.089108     0.054484 
    0.086066     0.049271 
    0.083113     0.044970 
    0.089209     0.056043 
    0.085993     0.056017 
    0.083985     0.052829 
    0.084272     0.051401 
    0.085668     0.056407 
    0.085185     0.064612 
    0.087432     0.061209 
    0.085288     0.054118 
    0.085508     0.060124 
    0.090335     0.064589 
    0.085727     0.076057 
    0.085090     0.057123 
    0.082701     0.047661 
    0.082922     0.065543 
    0.082715     0.055821 
    0.088164     0.056727 
    0.091321     0.062993 
    0.086435     0.058000 
    0.084333     0.055530 
    0.087462     0.051528 
    0.093091     0.056155 
    0.092686     0.066694 
    0.087776     0.047842 
    0.081479     0.050483 
    0.084074     0.045874 
    0.079332     0.066942 
    0.078503     0.050535 
    0.083216     0.064279 
    0.090750     0.056012 
