# Train        Test        
    0.369695     0.338349 
    0.340789     0.338349 
    0.340878     0.338349 
    0.340878     0.338349 
    0.340953     0.338349 
    0.341563     0.338349 
    0.340878     0.338349 
    0.340878     0.338349 
    0.340878     0.338349 
    0.341328     0.338349 
    0.340878     0.338349 
    0.340878     0.338349 
    0.341405     0.338349 
    0.340876     0.338287 
    0.342896     0.338349 
    0.340874     0.338280 
    0.339958     0.335443 
    0.340578     0.338349 
    0.340878     0.338349 
    0.344481     0.338127 
    0.339861     0.337496 
    0.337690     0.335498 
    0.338374     0.337878 
    0.340593     0.337712 
    0.341840     0.332566 
    0.340697     0.338257 
    0.340769     0.338241 
    0.341027     0.338237 
    0.340703     0.338149 
    0.340712     0.338204 
    0.340635     0.338206 
    0.340741     0.338249 
    0.340814     0.338264 
    0.340780     0.338257 
    0.336485     0.265808 
    0.276082     0.259281 
    0.270479     0.275880 
    0.272002     0.280071 
    0.274671     0.260893 
    0.271597     0.224025 
    0.224799     0.197564 
    0.210008     0.198948 
    0.196466     0.128214 
    0.116405     0.106701 
    0.088938     0.060669 
    0.072278     0.056641 
    0.070176     0.045445 
    0.067874     0.052437 
    0.064448     0.041861 
    0.064779     0.033668 
    0.061425     0.040021 
    0.059035     0.037472 
    0.065429     0.058312 
    0.065710     0.063309 
    0.068895     0.069843 
    0.073885     0.067445 
    0.078216     0.046267 
    0.063359     0.043694 
    0.069213     0.056988 
    0.064568     0.040462 
    0.061912     0.042716 
    0.062103     0.042405 
    0.058342     0.045463 
    0.065466     0.046349 
    0.065544     0.042657 
    0.065486     0.041163 
    0.073594     0.056065 
    0.069684     0.054217 
    0.066967     0.042509 
    0.064662     0.049611 
    0.064639     0.058561 
    0.067467     0.063055 
    0.065364     0.042455 
    0.058654     0.048069 
    0.063955     0.044278 
    0.061364     0.036272 
    0.062406     0.043900 
    0.060602     0.044511 
    0.059664     0.036243 
    0.057390     0.057879 
    0.058601     0.035270 
    0.064301     0.047684 
    0.058425     0.046614 
    0.058693     0.048321 
    0.062576     0.039530 
    0.055027     0.048525 
    0.070805     0.033410 
    0.061723     0.067163 
    0.058358     0.042521 
    0.064716     0.036532 
    0.061995     0.055576 
    0.062772     0.050833 
    0.067042     0.047279 
    0.056701     0.043729 
    0.057718     0.038851 
    0.054552     0.045614 
    0.061944     0.044267 
    0.060455     0.038914 
    0.058654     0.046135 
    0.055830     0.043720 
    0.060047     0.053385 
    0.056269     0.030401 
    0.055770     0.030891 
    0.052349     0.035398 
    0.053277     0.048412 
    0.053552     0.055782 
    0.062594     0.060258 
    0.062954     0.057939 
    0.061822     0.053467 
    0.053494     0.042421 
    0.056130     0.039534 
    0.056006     0.046945 
    0.059592     0.034802 
    0.061671     0.037836 
    0.058004     0.040159 
    0.058378     0.036890 
    0.054485     0.029960 
    0.057327     0.035226 
    0.056896     0.045476 
    0.063874     0.048478 
    0.050174     0.048713 
    0.057691     0.047719 
    0.057736     0.041720 
    0.054293     0.046008 
    0.053338     0.060531 
    0.060638     0.049011 
    0.060271     0.036123 
    0.059546     0.038735 
    0.056606     0.046323 
    0.061036     0.032205 
    0.056170     0.043515 
    0.062785     0.037280 
    0.056762     0.049195 
    0.055586     0.033102 
    0.058865     0.041010 
    0.055504     0.057281 
    0.055527     0.047734 
    0.053190     0.045210 
    0.058279     0.053409 
    0.058128     0.047565 
    0.054751     0.036591 
    0.055088     0.031678 
    0.054695     0.037587 
    0.058253     0.049838 
    0.059471     0.036571 
    0.059387     0.029139 
    0.057933     0.062920 
    0.055066     0.034762 
    0.054229     0.042442 
    0.051743     0.048902 
    0.059541     0.046761 
    0.057431     0.034406 
    0.058570     0.047013 
    0.060869     0.038941 
    0.059207     0.043295 
    0.060865     0.048786 
    0.061721     0.064234 
    0.059223     0.042398 
    0.054866     0.040456 
    0.056773     0.040897 
    0.059312     0.032517 
    0.056910     0.053103 
    0.054080     0.030782 
    0.063548     0.046702 
    0.052140     0.045784 
    0.053878     0.038375 
    0.058979     0.039604 
    0.056672     0.066701 
    0.056646     0.039406 
    0.054931     0.031444 
    0.048381     0.026847 
    0.050290     0.031155 
    0.055895     0.030735 
    0.058137     0.039742 
    0.055982     0.044379 
    0.055331     0.032829 
    0.054461     0.036854 
    0.056355     0.039180 
    0.062758     0.030624 
    0.059311     0.045939 
    0.056354     0.048348 
    0.053587     0.046972 
    0.052294     0.038680 
    0.051748     0.054627 
    0.058074     0.043149 
    0.053854     0.058724 
    0.057386     0.045009 
    0.050939     0.056146 
    0.056145     0.050971 
    0.056582     0.046028 
    0.057096     0.045828 
    0.053796     0.039220 
    0.058286     0.033649 
    0.056685     0.043495 
    0.060142     0.050046 
    0.050218     0.043784 
    0.061856     0.035636 
    0.060170     0.035477 
    0.059078     0.052035 
    0.058363     0.039949 
    0.060341     0.043018 
    0.060015     0.052982 
    0.056205     0.062719 
    0.059519     0.051868 
    0.055384     0.030809 
    0.052573     0.034025 
    0.053324     0.046493 
    0.051530     0.062238 
    0.052467     0.037827 
    0.057689     0.040318 
    0.053991     0.045027 
    0.052636     0.061697 
    0.056961     0.028518 
    0.057835     0.042198 
    0.053059     0.075084 
    0.054772     0.057272 
    0.065371     0.033765 
    0.051046     0.030837 
    0.057192     0.043361 
    0.056402     0.056338 
    0.065693     0.077542 
    0.062896     0.055160 
    0.059695     0.051394 
    0.050274     0.040410 
    0.058656     0.037780 
    0.053127     0.037221 
    0.061031     0.039318 
    0.056553     0.027169 
    0.051139     0.042050 
    0.052215     0.044322 
    0.056452     0.037147 
    0.051103     0.031187 
    0.063435     0.035763 
    0.057377     0.045257 
    0.055352     0.033393 
    0.055986     0.048037 
    0.056933     0.034870 
    0.056678     0.034789 
    0.051620     0.036664 
    0.053702     0.036118 
    0.048598     0.045627 
    0.054168     0.036900 
    0.057804     0.036905 
    0.059609     0.042731 
    0.057322     0.046996 
    0.049203     0.035862 
    0.049258     0.034241 
    0.051925     0.047310 
    0.049934     0.043060 
    0.051767     0.030580 
    0.052116     0.055344 
    0.050756     0.057830 
    0.050236     0.027265 
    0.049260     0.028645 
    0.047540     0.031084 
    0.049916     0.032387 
    0.047050     0.052103 
    0.055756     0.029994 
    0.053455     0.038741 
    0.054573     0.043287 
    0.048790     0.031944 
    0.052888     0.039867 
    0.052596     0.039168 
    0.053981     0.037366 
    0.047370     0.031723 
    0.057085     0.037228 
    0.052054     0.057924 
    0.061846     0.035921 
    0.050389     0.032868 
    0.059119     0.031963 
    0.060134     0.056049 
    0.053795     0.048586 
    0.057453     0.055304 
    0.053889     0.042840 
    0.053622     0.073717 
    0.053756     0.038176 
    0.051751     0.069387 
    0.057681     0.037408 
    0.055946     0.045882 
    0.064297     0.034763 
    0.052774     0.049953 
    0.054603     0.045007 
    0.051257     0.039210 
    0.050272     0.033680 
    0.057678     0.038046 
    0.053918     0.041953 
    0.056246     0.037617 
    0.056489     0.040198 
    0.056332     0.055823 
    0.048938     0.076296 
    0.056022     0.029763 
    0.053854     0.032685 
    0.059884     0.057562 
    0.056859     0.043316 
    0.056616     0.033641 
    0.050661     0.028987 
    0.053030     0.039192 
    0.047734     0.026817 
    0.048499     0.032319 
    0.050298     0.030886 
    0.049198     0.029522 
    0.047911     0.037309 
    0.054633     0.050699 
    0.052179     0.034841 
    0.052193     0.038823 
    0.050753     0.034440 
    0.049567     0.037502 
    0.055222     0.035496 
    0.055020     0.052368 
    0.051674     0.044062 
    0.051489     0.036802 
    0.055202     0.036611 
    0.053521     0.039063 
    0.050794     0.038742 
    0.058553     0.032821 
    0.054860     0.041788 
    0.056442     0.043356 
    0.045661     0.035923 
    0.052532     0.088065 
    0.053634     0.069111 
    0.054932     0.051424 
    0.050452     0.037348 
    0.051148     0.044440 
    0.050377     0.030261 
    0.051592     0.036327 
    0.047240     0.049855 
    0.050406     0.036745 
    0.052867     0.046373 
    0.058286     0.057754 
    0.048896     0.030122 
    0.050952     0.026885 
    0.046597     0.027227 
    0.047334     0.052447 
    0.050239     0.042465 
    0.046494     0.045227 
    0.053268     0.048762 
    0.055443     0.031556 
    0.054043     0.029814 
    0.049643     0.025491 
    0.050654     0.052367 
    0.043102     0.032720 
    0.055308     0.032020 
    0.048158     0.031001 
    0.056076     0.039372 
    0.045085     0.029864 
    0.048608     0.040043 
    0.049083     0.027409 
    0.049153     0.032212 
    0.048569     0.035328 
    0.051257     0.048960 
    0.052752     0.032111 
    0.048741     0.028248 
    0.054190     0.039657 
    0.051160     0.040604 
    0.050097     0.053333 
    0.054255     0.040292 
    0.053188     0.037465 
    0.052005     0.044123 
    0.051723     0.033177 
    0.048214     0.037206 
    0.050864     0.044053 
    0.056399     0.034092 
    0.051637     0.039645 
    0.056932     0.027957 
    0.053674     0.028105 
    0.053485     0.031440 
    0.055200     0.030786 
    0.052616     0.028260 
    0.052517     0.022907 
    0.045994     0.033310 
    0.051890     0.044597 
    0.054567     0.032638 
    0.046600     0.028882 
    0.056791     0.036615 
    0.054071     0.032628 
    0.049397     0.058616 
    0.059742     0.035680 
    0.053643     0.052754 
    0.055748     0.066421 
    0.055196     0.031369 
    0.051253     0.037229 
    0.051066     0.035434 
    0.050510     0.029387 
    0.049890     0.052151 
    0.047746     0.047532 
    0.049620     0.034273 
    0.054430     0.040601 
    0.041637     0.056319 
    0.049923     0.041443 
    0.053917     0.038680 
    0.048242     0.038162 
    0.051383     0.030857 
    0.045765     0.031072 
    0.056644     0.034540 
    0.053806     0.050047 
    0.045544     0.033773 
    0.048995     0.026831 
    0.054468     0.037878 
    0.047599     0.049299 
    0.049562     0.043453 
    0.048783     0.031688 
    0.049461     0.030313 
    0.049661     0.058924 
    0.048011     0.044827 
    0.048955     0.027404 
    0.050837     0.032115 
    0.047450     0.038923 
    0.053529     0.026904 
    0.043591     0.045766 
    0.049454     0.042950 
    0.053906     0.032728 
    0.048603     0.029543 
    0.048766     0.025638 
    0.046502     0.031752 
    0.048000     0.054734 
    0.056124     0.035996 
    0.046516     0.029617 
    0.049513     0.046374 
    0.050708     0.030500 
    0.047772     0.028974 
    0.049353     0.036502 
    0.049886     0.042609 
    0.048180     0.033874 
    0.050084     0.030421 
    0.051703     0.035272 
    0.047475     0.039393 
    0.048023     0.035746 
    0.048844     0.036855 
    0.047907     0.033256 
    0.051299     0.026918 
    0.045651     0.033827 
    0.045528     0.027483 
    0.050308     0.031764 
    0.049917     0.053116 
    0.052741     0.050675 
    0.050485     0.040888 
    0.048240     0.036629 
    0.048405     0.051427 
    0.051088     0.042605 
    0.053930     0.044591 
    0.051116     0.039983 
    0.049291     0.038953 
    0.048180     0.027315 
    0.050362     0.054470 
    0.049936     0.067609 
    0.049034     0.030483 
    0.044948     0.027528 
    0.051323     0.033095 
    0.053640     0.024289 
    0.048914     0.036695 
    0.052370     0.031297 
    0.048583     0.041549 
    0.048795     0.039120 
    0.050197     0.032373 
    0.046376     0.030639 
    0.051150     0.039763 
    0.049484     0.038041 
    0.048555     0.044182 
    0.047272     0.032522 
    0.046447     0.031822 
    0.046868     0.048420 
    0.051619     0.050215 
    0.051463     0.032380 
    0.052181     0.057680 
    0.049978     0.050996 
    0.050903     0.028230 
    0.054697     0.026226 
    0.054039     0.057208 
    0.053575     0.042907 
    0.050987     0.050894 
    0.058238     0.057178 
    0.054766     0.029738 
    0.061400     0.044330 
    0.056391     0.032862 
    0.051643     0.044730 
    0.050189     0.037152 
    0.050439     0.037951 
    0.059118     0.029499 
    0.050244     0.039557 
    0.048806     0.031332 
    0.052884     0.059386 
    0.053106     0.043712 
    0.053816     0.048765 
    0.049081     0.026314 
    0.046801     0.036423 
    0.054680     0.027289 
    0.052079     0.038574 
    0.058079     0.035754 
    0.050956     0.070192 
    0.051670     0.039940 
    0.048945     0.030841 
    0.049276     0.031922 
    0.047924     0.033204 
    0.051053     0.055153 
    0.054706     0.038983 
    0.052004     0.027849 
    0.050863     0.035236 
    0.047037     0.026284 
    0.051433     0.035963 
    0.050158     0.043231 
