# Train        Test        
    0.469046     0.332766 
    0.339892     0.332766 
    0.344367     0.332766 
    0.339782     0.332766 
    0.339644     0.331823 
    0.341184     0.332404 
    0.350129     0.332680 
    0.341118     0.331392 
    0.339766     0.332615 
    0.340743     0.332766 
    0.339892     0.332766 
    0.339892     0.332766 
    0.339892     0.332766 
    0.339892     0.332766 
    0.339892     0.332766 
    0.339892     0.332766 
    0.339892     0.332766 
    0.339892     0.332766 
    0.339892     0.332766 
    0.339875     0.332766 
    0.339746     0.332766 
    0.340140     0.332766 
    0.339892     0.332766 
    0.339892     0.332766 
    0.345127     0.332766 
    0.339892     0.332766 
    0.339892     0.332766 
    0.339785     0.332766 
    0.340867     0.332766 
    0.337437     0.332766 
    0.335928     0.332739 
    0.367657     0.332557 
    0.341798     0.330946 
    0.346238     0.327576 
    0.339299     0.332766 
    0.339892     0.332583 
    0.339347     0.332766 
    0.342309     0.332488 
    0.339709     0.332766 
    0.339772     0.336957 
    0.343489     0.328477 
    0.335762     0.314915 
    0.331608     0.320253 
    0.311448     0.271793 
    0.275795     0.257977 
    0.274279     0.243512 
    0.220766     0.207244 
    0.209637     0.223223 
    0.211148     0.191401 
    0.201805     0.184547 
    0.187857     0.167544 
    0.178961     0.170202 
    0.181773     0.162741 
    0.169985     0.175985 
    0.183925     0.168123 
    0.170265     0.183249 
    0.189186     0.172550 
    0.167805     0.151507 
    0.157923     0.188429 
    0.165388     0.159538 
    0.157181     0.159688 
    0.155605     0.145482 
    0.154982     0.166879 
    0.170672     0.156808 
    0.154292     0.148214 
    0.155328     0.142802 
    0.143522     0.154392 
    0.160791     0.170842 
    0.162705     0.186544 
    0.154316     0.155610 
    0.172584     0.174605 
    0.160690     0.162538 
    0.154100     0.148141 
    0.156242     0.152469 
    0.154712     0.173391 
    0.164455     0.156765 
    0.155703     0.134413 
    0.143203     0.155607 
    0.155198     0.147968 
    0.141922     0.142816 
    0.133565     0.157745 
    0.148066     0.126588 
    0.146668     0.143528 
    0.143752     0.153900 
    0.143370     0.183937 
    0.141469     0.151191 
    0.140602     0.151487 
    0.146405     0.137683 
    0.142881     0.148838 
    0.149092     0.131684 
    0.132257     0.140064 
    0.144450     0.141217 
    0.134806     0.141902 
    0.126996     0.137836 
    0.127892     0.138287 
    0.139975     0.143705 
    0.138892     0.153674 
    0.143533     0.153389 
    0.156537     0.154537 
    0.145940     0.181830 
    0.142034     0.145796 
    0.147522     0.123312 
    0.130063     0.128860 
    0.130654     0.136599 
    0.138797     0.156724 
    0.132286     0.158885 
    0.151575     0.163655 
    0.137842     0.162926 
    0.152343     0.138269 
    0.137848     0.149388 
    0.143868     0.149653 
    0.129725     0.176686 
    0.148636     0.161814 
    0.140186     0.158117 
    0.120510     0.153278 
    0.146843     0.157537 
    0.158940     0.142166 
    0.126667     0.137733 
    0.136646     0.138528 
    0.150444     0.141795 
    0.140504     0.135809 
    0.124980     0.131778 
    0.120884     0.170964 
    0.128450     0.143031 
    0.128261     0.149999 
    0.134002     0.127550 
    0.131429     0.149175 
    0.116843     0.126458 
    0.145435     0.156967 
    0.149873     0.133880 
    0.133823     0.146508 
    0.130678     0.137208 
    0.136623     0.135673 
    0.126525     0.156106 
    0.117537     0.145885 
    0.129620     0.144409 
    0.121742     0.137113 
    0.138271     0.121700 
    0.125726     0.117580 
    0.131830     0.134469 
    0.113622     0.113465 
    0.124396     0.132383 
    0.110872     0.125808 
    0.113691     0.129144 
    0.129486     0.141008 
    0.135913     0.137669 
    0.128359     0.140056 
    0.116315     0.126151 
    0.123734     0.116927 
    0.113818     0.144840 
    0.126391     0.119164 
    0.112430     0.122554 
    0.123641     0.122170 
    0.112769     0.150575 
    0.116174     0.133974 
    0.106154     0.128977 
    0.119041     0.125510 
    0.121297     0.155645 
    0.120924     0.123805 
    0.123063     0.121508 
    0.108462     0.158007 
    0.108378     0.111894 
    0.108704     0.134436 
    0.110453     0.128856 
    0.125840     0.125634 
    0.113910     0.120716 
    0.115343     0.128741 
    0.109315     0.111766 
    0.105621     0.132847 
    0.124031     0.135462 
    0.117620     0.134120 
    0.112840     0.103820 
    0.097584     0.117330 
    0.109741     0.115003 
    0.098820     0.098423 
    0.098799     0.105627 
    0.102519     0.098351 
    0.105934     0.124856 
    0.105515     0.097957 
    0.093451     0.110918 
    0.097575     0.116370 
    0.097732     0.116625 
    0.100822     0.113156 
    0.102665     0.118408 
    0.099141     0.117120 
    0.101424     0.119095 
    0.093655     0.112462 
    0.111944     0.114891 
    0.111063     0.125670 
    0.088546     0.101708 
    0.098224     0.096961 
    0.097718     0.112895 
    0.105860     0.114466 
    0.097429     0.109484 
    0.094689     0.126829 
    0.104713     0.133344 
    0.100850     0.118799 
    0.088522     0.122447 
    0.101579     0.107063 
    0.087717     0.114794 
    0.097823     0.117175 
    0.095664     0.120675 
    0.094040     0.096630 
    0.098482     0.098613 
    0.095514     0.119047 
    0.097585     0.109853 
    0.096494     0.090347 
    0.088488     0.106808 
    0.087836     0.105311 
    0.090055     0.094079 
    0.097044     0.116207 
    0.091345     0.103587 
    0.101095     0.103435 
    0.109425     0.089900 
    0.093674     0.104940 
    0.098810     0.111469 
    0.090660     0.106655 
    0.091427     0.095672 
    0.088693     0.108336 
    0.089804     0.101899 
    0.099504     0.102916 
    0.103194     0.109830 
    0.108193     0.098958 
    0.103868     0.118879 
    0.090919     0.121259 
    0.104666     0.098989 
    0.099197     0.111041 
    0.095144     0.125856 
    0.104029     0.120600 
    0.113542     0.122496 
    0.098607     0.150248 
    0.089850     0.111451 
    0.104081     0.104698 
    0.099381     0.110764 
    0.090042     0.107111 
    0.104085     0.103896 
    0.091886     0.089195 
    0.092567     0.123920 
    0.101761     0.125746 
    0.101193     0.098675 
    0.103320     0.109313 
    0.090523     0.129879 
    0.097556     0.125687 
    0.093708     0.108452 
    0.106921     0.114108 
    0.081378     0.096041 
    0.104008     0.112911 
    0.084463     0.097127 
    0.092486     0.125698 
    0.094621     0.098674 
    0.090666     0.108705 
    0.092618     0.096819 
    0.090422     0.108891 
    0.101024     0.100331 
    0.089595     0.078947 
    0.087480     0.085213 
    0.096447     0.093423 
    0.092892     0.089382 
    0.088150     0.115640 
    0.090256     0.119137 
    0.092044     0.114007 
    0.098493     0.104785 
    0.085231     0.121062 
    0.093987     0.108615 
    0.090567     0.107682 
    0.107016     0.112430 
    0.096378     0.107264 
    0.092861     0.095982 
    0.091942     0.093534 
    0.098631     0.108213 
    0.086579     0.097226 
    0.098747     0.098327 
    0.073615     0.104380 
    0.094193     0.108623 
    0.103679     0.110005 
    0.093080     0.118331 
    0.088554     0.097300 
    0.077688     0.105216 
    0.081008     0.096808 
    0.095436     0.110771 
    0.081867     0.098920 
    0.083509     0.114926 
    0.093737     0.085027 
    0.083249     0.090195 
    0.087208     0.071437 
    0.088015     0.091959 
    0.094744     0.086741 
    0.086343     0.115068 
    0.086263     0.100259 
    0.096065     0.099262 
    0.088007     0.093202 
    0.092422     0.100477 
    0.095695     0.105930 
    0.098695     0.106400 
    0.101820     0.123367 
    0.090300     0.091587 
    0.090901     0.101748 
    0.096340     0.109596 
    0.088990     0.099072 
    0.091047     0.100802 
    0.083337     0.124628 
    0.085281     0.090870 
    0.080417     0.108995 
    0.084358     0.094911 
    0.080105     0.115813 
    0.080960     0.094966 
    0.088852     0.094949 
    0.083101     0.109084 
    0.092116     0.108051 
    0.080986     0.094944 
    0.088204     0.068544 
    0.074442     0.092047 
    0.081202     0.096400 
    0.075465     0.105265 
    0.079741     0.106752 
    0.089807     0.096333 
    0.083971     0.104308 
    0.086343     0.093839 
    0.080594     0.091834 
    0.081203     0.095489 
    0.086805     0.103992 
    0.087485     0.102572 
    0.075597     0.094749 
    0.091586     0.116861 
    0.082023     0.107186 
    0.096490     0.086548 
    0.087793     0.147180 
    0.093429     0.120820 
    0.092086     0.108392 
    0.069791     0.082844 
    0.095718     0.094749 
    0.083316     0.097858 
    0.086325     0.097831 
    0.073945     0.106569 
    0.097567     0.112714 
    0.088551     0.109819 
    0.092728     0.109785 
    0.080908     0.106967 
    0.086953     0.108590 
    0.086574     0.128920 
    0.095118     0.080426 
    0.079796     0.087785 
    0.092337     0.116097 
    0.080412     0.093254 
    0.078059     0.094695 
    0.089550     0.083732 
    0.082024     0.107251 
    0.084786     0.126996 
    0.080876     0.116000 
    0.085193     0.090193 
    0.081180     0.106008 
    0.096248     0.093732 
    0.079516     0.102654 
    0.083559     0.119832 
    0.090398     0.096527 
    0.089961     0.090377 
    0.080141     0.107388 
    0.075698     0.099262 
    0.081329     0.099979 
    0.074717     0.112462 
    0.078984     0.115381 
    0.098413     0.123225 
    0.087880     0.103010 
    0.091145     0.086213 
    0.090053     0.097761 
    0.098014     0.098672 
    0.085079     0.099801 
    0.076278     0.077677 
    0.080323     0.095807 
    0.092917     0.120097 
    0.075491     0.090492 
    0.081821     0.129084 
    0.087112     0.103268 
    0.084775     0.100472 
    0.080890     0.088487 
    0.092316     0.112330 
    0.079728     0.093973 
    0.075742     0.097190 
    0.092188     0.102908 
    0.089023     0.087322 
    0.078298     0.104854 
    0.094466     0.117685 
    0.097255     0.104869 
    0.074397     0.088933 
    0.085205     0.111910 
    0.083832     0.100574 
    0.083219     0.096778 
    0.091695     0.106931 
    0.078881     0.101939 
    0.088339     0.098211 
    0.081093     0.088438 
    0.094962     0.103807 
    0.078607     0.073567 
    0.091138     0.083260 
    0.092061     0.104417 
    0.076371     0.106635 
    0.087358     0.102898 
    0.070315     0.097652 
    0.069754     0.079437 
    0.075634     0.089474 
    0.083082     0.092479 
    0.073571     0.114360 
    0.080811     0.103595 
    0.079921     0.089782 
    0.069731     0.092882 
    0.085077     0.112546 
    0.076258     0.091889 
    0.088619     0.094573 
    0.079754     0.111640 
    0.071955     0.109990 
    0.084914     0.103343 
    0.085310     0.102287 
    0.086661     0.070378 
    0.088099     0.096010 
    0.063135     0.098557 
    0.083857     0.107323 
    0.090287     0.107995 
    0.071628     0.105465 
    0.073226     0.083124 
    0.082882     0.093761 
    0.079450     0.092694 
    0.073341     0.095040 
    0.083440     0.085328 
    0.086172     0.105430 
    0.070926     0.085257 
    0.077037     0.108846 
    0.071306     0.102100 
    0.074409     0.107154 
    0.073247     0.101285 
    0.075862     0.083338 
    0.103145     0.088541 
    0.094758     0.115746 
    0.093646     0.099097 
    0.085817     0.093417 
    0.076664     0.097537 
    0.082438     0.108519 
    0.074934     0.115696 
    0.079163     0.104200 
    0.077960     0.103653 
    0.075366     0.089575 
    0.073781     0.093000 
    0.071970     0.091478 
    0.076597     0.110653 
    0.080579     0.108779 
    0.083438     0.086693 
    0.085793     0.108158 
    0.072969     0.092013 
    0.076724     0.090636 
    0.076485     0.104797 
    0.085861     0.096626 
    0.082165     0.117870 
    0.080082     0.094720 
    0.079884     0.097281 
    0.095056     0.107436 
    0.086745     0.089211 
    0.083916     0.105042 
    0.073605     0.102544 
    0.092969     0.119815 
    0.075513     0.103721 
    0.084318     0.098586 
    0.075178     0.119295 
    0.079664     0.108838 
    0.079171     0.094802 
    0.082510     0.090592 
    0.076885     0.092066 
    0.078545     0.100158 
    0.081222     0.094232 
    0.087542     0.098037 
    0.083657     0.109969 
    0.070235     0.096174 
    0.084888     0.105354 
    0.078374     0.089626 
    0.091079     0.089624 
    0.090530     0.100088 
    0.076095     0.094727 
    0.079081     0.096296 
    0.078132     0.104660 
    0.072596     0.092491 
    0.072535     0.098491 
    0.072144     0.105153 
    0.076244     0.095067 
    0.078978     0.084464 
    0.072093     0.107553 
    0.079775     0.091637 
    0.088831     0.090149 
    0.090420     0.099898 
    0.073832     0.086551 
    0.077068     0.084778 
    0.078280     0.091269 
    0.072219     0.101800 
    0.100540     0.100374 
    0.084839     0.094223 
    0.083617     0.106733 
    0.084035     0.097207 
    0.080947     0.098236 
    0.083794     0.098257 
    0.080447     0.087420 
    0.074025     0.094250 
    0.077017     0.112756 
    0.077001     0.095328 
    0.065434     0.097066 
    0.071171     0.088779 
    0.066055     0.073093 
    0.081696     0.085938 
    0.076762     0.109377 
    0.089715     0.093777 
    0.070621     0.087913 
    0.077427     0.089511 
    0.080212     0.110465 
    0.072698     0.089214 
    0.082065     0.094082 
    0.075475     0.104265 
    0.085425     0.074991 
    0.074096     0.091647 
    0.068067     0.074483 
    0.077325     0.105947 
    0.078508     0.099169 
    0.080795     0.096354 
    0.083060     0.094961 
    0.084358     0.119080 
    0.091889     0.142433 
    0.080952     0.098127 
    0.083034     0.101579 
    0.071551     0.089933 
    0.088523     0.099379 
    0.079285     0.091244 
    0.084980     0.091711 
    0.081553     0.090307 
    0.079349     0.097245 
    0.065840     0.079734 
    0.075525     0.106203 
    0.061935     0.099769 
    0.079487     0.100994 
    0.077806     0.089730 
    0.082759     0.075957 
    0.080745     0.093520 
    0.079719     0.094571 
    0.080411     0.086534 
    0.077317     0.080323 
    0.070583     0.085938 
    0.069871     0.111227 
    0.073955     0.097119 
    0.080047     0.086044 
    0.083368     0.099620 
    0.074024     0.089238 
    0.080066     0.089475 
    0.083157     0.094981 
    0.073362     0.101897 
    0.069110     0.077389 
    0.079924     0.092480 
    0.068365     0.075592 
    0.077400     0.089916 
    0.082868     0.091648 
    0.084994     0.105449 
    0.070670     0.095351 
    0.095299     0.088563 
    0.062877     0.085581 
    0.070849     0.083410 
    0.060345     0.110895 
    0.079275     0.117718 
    0.102738     0.110281 
    0.078879     0.095131 
    0.072624     0.090631 
    0.080053     0.087613 
    0.084912     0.081266 
    0.074064     0.096476 
    0.074447     0.086267 
    0.066202     0.081188 
    0.072741     0.090429 
    0.081654     0.104270 
    0.074023     0.102579 
    0.074589     0.100396 
    0.067563     0.092769 
    0.076094     0.093916 
    0.070524     0.097956 
    0.084144     0.096246 
    0.070113     0.095523 
    0.076325     0.102670 
    0.074884     0.094371 
    0.082801     0.113481 
    0.073645     0.107438 
    0.078989     0.090780 
    0.083015     0.113789 
    0.076199     0.094334 
    0.074648     0.100681 
    0.069475     0.087470 
    0.074816     0.091878 
    0.069211     0.094749 
    0.086561     0.099927 
    0.084978     0.094033 
    0.089799     0.091844 
    0.082034     0.105964 
    0.073930     0.123047 
    0.074394     0.090462 
    0.066848     0.111049 
    0.078317     0.091182 
    0.076311     0.092265 
    0.074482     0.086361 
    0.087788     0.089514 
    0.073457     0.094188 
    0.073341     0.096578 
    0.080324     0.111387 
    0.066754     0.106809 
    0.080003     0.095452 
    0.075271     0.104286 
    0.073553     0.107714 
    0.077835     0.108893 
    0.076496     0.093124 
    0.068940     0.108178 
    0.086317     0.089468 
    0.069924     0.086187 
    0.072433     0.105022 
    0.080285     0.095928 
    0.067965     0.096405 
    0.074150     0.095579 
    0.090402     0.095407 
    0.063218     0.091137 
    0.079482     0.102300 
    0.079282     0.092062 
    0.085172     0.103710 
    0.072067     0.104501 
    0.075124     0.083313 
    0.073991     0.090520 
    0.073395     0.108621 
    0.074104     0.085143 
    0.075060     0.094871 
    0.065510     0.089859 
    0.075124     0.095650 
    0.081484     0.104042 
    0.071521     0.094182 
    0.063132     0.103010 
    0.083136     0.111340 
    0.080625     0.085465 
    0.076582     0.096490 
    0.076338     0.095049 
    0.066906     0.096485 
    0.068807     0.099857 
    0.072288     0.092482 
    0.072061     0.093763 
    0.075738     0.087325 
    0.076645     0.097527 
    0.077829     0.090794 
    0.071858     0.099032 
    0.082914     0.088738 
    0.079655     0.111652 
    0.080180     0.101772 
    0.075754     0.105062 
    0.081664     0.095160 
    0.075764     0.104644 
    0.082070     0.099401 
    0.077056     0.108548 
    0.086089     0.097910 
    0.079598     0.099695 
    0.079026     0.093195 
    0.085321     0.097383 
    0.075005     0.100017 
    0.075252     0.110138 
    0.074324     0.100290 
    0.060669     0.095246 
    0.072424     0.085729 
    0.085078     0.102598 
    0.091991     0.104067 
    0.069560     0.093917 
    0.078975     0.097151 
    0.088195     0.107594 
    0.070510     0.095435 
    0.080640     0.088146 
    0.075784     0.106558 
    0.074798     0.075266 
    0.072713     0.098730 
    0.062854     0.100417 
    0.074713     0.089207 
    0.071180     0.089365 
    0.073934     0.095813 
    0.071530     0.099220 
    0.084638     0.097677 
    0.067787     0.092467 
    0.070131     0.082092 
    0.069694     0.089990 
    0.069621     0.101420 
    0.074909     0.100461 
    0.067381     0.074648 
    0.075869     0.080028 
    0.081334     0.088614 
    0.077471     0.086857 
    0.064075     0.098444 
    0.074721     0.122550 
    0.073094     0.096517 
    0.072461     0.100320 
    0.073782     0.101037 
    0.077542     0.098097 
    0.091552     0.099485 
    0.075820     0.094715 
    0.073660     0.098262 
    0.079263     0.089264 
    0.081982     0.108458 
    0.078914     0.105534 
    0.065046     0.090755 
    0.073748     0.113369 
    0.071610     0.098284 
    0.067357     0.112222 
    0.074658     0.103755 
    0.072523     0.098780 
    0.078171     0.098506 
    0.070702     0.077217 
    0.077655     0.094621 
    0.072047     0.088708 
    0.073183     0.110133 
    0.076492     0.107764 
    0.082831     0.097608 
    0.076870     0.092913 
    0.077177     0.096612 
    0.083754     0.096930 
    0.079051     0.093561 
    0.073606     0.112211 
    0.078439     0.104636 
    0.078164     0.097033 
    0.067140     0.093360 
    0.076250     0.089246 
    0.078196     0.089049 
    0.067035     0.085479 
    0.071670     0.088316 
    0.066301     0.106183 
    0.066466     0.088578 
    0.072589     0.090293 
    0.087083     0.103797 
    0.080470     0.101036 
    0.076536     0.116539 
    0.076703     0.094500 
    0.088551     0.101719 
    0.075257     0.096302 
    0.072251     0.082830 
    0.076370     0.113540 
    0.079800     0.098233 
    0.086400     0.106700 
    0.071133     0.076039 
    0.063078     0.096472 
    0.065463     0.089125 
    0.065773     0.108609 
    0.063478     0.092223 
    0.076091     0.087977 
    0.077810     0.096800 
    0.060019     0.085408 
    0.070027     0.091950 
    0.072983     0.116639 
    0.070916     0.115491 
    0.081474     0.095508 
    0.073248     0.084089 
    0.079632     0.085079 
    0.076745     0.098789 
    0.071905     0.104771 
    0.075748     0.099500 
    0.068044     0.112515 
    0.075858     0.098861 
    0.086679     0.093569 
    0.068453     0.081400 
    0.074644     0.123083 
    0.069635     0.101989 
    0.069644     0.092521 
    0.064008     0.082641 
    0.077238     0.099266 
    0.088606     0.109823 
    0.074217     0.087003 
    0.062597     0.082099 
    0.069897     0.133156 
    0.079598     0.101703 
    0.086359     0.108734 
    0.079213     0.099202 
    0.079147     0.087341 
    0.073933     0.098566 
    0.071579     0.095561 
    0.077463     0.089263 
    0.079066     0.097476 
    0.069535     0.103432 
    0.075684     0.116798 
    0.077099     0.101310 
    0.073945     0.096336 
    0.077686     0.114964 
    0.077498     0.089975 
    0.069626     0.102549 
    0.070687     0.086675 
    0.078561     0.100934 
    0.071354     0.083417 
    0.074046     0.087108 
    0.069425     0.084372 
    0.078066     0.094834 
    0.072165     0.083732 
    0.083860     0.098098 
    0.077395     0.108954 
    0.068613     0.096603 
    0.080840     0.078563 
    0.067524     0.092287 
    0.066988     0.084978 
    0.079597     0.101226 
    0.065607     0.097169 
    0.086941     0.111300 
    0.078461     0.077778 
    0.070858     0.093603 
    0.075262     0.082592 
    0.069531     0.113738 
    0.070427     0.096825 
    0.072338     0.111783 
    0.066610     0.091268 
    0.080360     0.069982 
    0.074185     0.082384 
    0.065031     0.098566 
    0.073066     0.093216 
    0.076146     0.079234 
    0.070697     0.089096 
    0.074245     0.098628 
    0.078172     0.092600 
    0.079305     0.115612 
    0.087288     0.111255 
    0.069874     0.105321 
    0.080877     0.100540 
    0.070899     0.097085 
    0.079715     0.089772 
    0.079677     0.099364 
    0.076173     0.094904 
    0.071622     0.089068 
    0.079830     0.091993 
    0.087773     0.117885 
    0.078444     0.090274 
    0.067318     0.092293 
    0.072832     0.103020 
    0.073412     0.098737 
    0.069404     0.094950 
    0.073070     0.129844 
    0.072863     0.114239 
    0.080814     0.095347 
    0.071230     0.096117 
    0.081796     0.099178 
    0.070092     0.090655 
    0.069815     0.086113 
    0.064441     0.085869 
    0.074501     0.090742 
    0.072176     0.099050 
    0.076471     0.099485 
    0.071382     0.086744 
    0.078159     0.092587 
    0.068711     0.104081 
    0.072016     0.094315 
    0.071936     0.108946 
    0.083631     0.085918 
    0.057742     0.102088 
    0.070128     0.087498 
    0.066087     0.096146 
    0.068801     0.107041 
    0.066989     0.096148 
    0.076445     0.095804 
    0.067405     0.111548 
    0.072120     0.096400 
    0.076236     0.083661 
    0.064075     0.097654 
    0.075928     0.089632 
    0.063835     0.102695 
    0.070082     0.094136 
    0.063890     0.088862 
    0.075917     0.098817 
    0.082391     0.095019 
    0.077463     0.100162 
    0.089786     0.104031 
    0.073509     0.110998 
    0.078766     0.099754 
    0.071656     0.107007 
    0.071651     0.097406 
    0.078291     0.099035 
    0.081219     0.097803 
    0.082538     0.114002 
    0.066889     0.101197 
    0.070655     0.107625 
    0.067626     0.100779 
    0.062996     0.097677 
    0.069378     0.093936 
    0.069187     0.092680 
    0.077403     0.108336 
    0.072360     0.104761 
    0.079613     0.104046 
    0.077894     0.115616 
    0.071621     0.116034 
    0.069104     0.110057 
    0.074750     0.085588 
    0.072836     0.113503 
    0.063419     0.096202 
    0.090411     0.101388 
    0.065981     0.088587 
    0.072271     0.075038 
    0.059052     0.109351 
    0.075981     0.097316 
    0.077958     0.109699 
    0.072349     0.098595 
    0.077491     0.111553 
    0.085665     0.098889 
    0.072735     0.082462 
    0.061471     0.090350 
    0.067737     0.098494 
    0.067739     0.106843 
    0.072611     0.119626 
    0.088693     0.088048 
    0.077152     0.096972 
    0.083244     0.103375 
    0.070241     0.091885 
    0.081698     0.097204 
    0.073851     0.081774 
    0.064236     0.086279 
    0.073113     0.089181 
    0.072602     0.111771 
    0.071691     0.076174 
    0.064508     0.087614 
    0.065727     0.094441 
    0.073945     0.104016 
    0.063286     0.105612 
    0.069307     0.092342 
    0.076034     0.112251 
    0.075823     0.102946 
    0.072282     0.111739 
    0.089373     0.115601 
    0.080733     0.092917 
    0.077191     0.087880 
    0.064411     0.101404 
    0.056940     0.092313 
    0.074742     0.106199 
    0.071034     0.093680 
    0.071832     0.090178 
    0.078416     0.085511 
    0.071479     0.092798 
    0.069284     0.109369 
    0.072998     0.096609 
    0.065004     0.075470 
    0.062622     0.094588 
    0.076395     0.098357 
    0.070287     0.102271 
    0.063895     0.107878 
    0.067802     0.085408 
    0.072494     0.104195 
    0.087752     0.095652 
    0.080819     0.101151 
    0.078687     0.094095 
    0.068359     0.087746 
    0.078775     0.095520 
    0.076113     0.097441 
    0.076766     0.091453 
    0.061730     0.097144 
    0.065232     0.115792 
    0.080537     0.109343 
    0.080554     0.096582 
    0.073175     0.083814 
    0.069402     0.113369 
    0.066082     0.092231 
    0.069048     0.118871 
    0.066790     0.087505 
    0.064971     0.097726 
    0.072027     0.093817 
    0.059585     0.106685 
    0.062154     0.090879 
    0.057771     0.095709 
    0.064422     0.104941 
    0.062302     0.092623 
    0.066626     0.094589 
    0.071867     0.084075 
    0.079350     0.092805 
    0.059008     0.107127 
    0.073534     0.119302 
    0.074945     0.119771 
    0.069314     0.091992 
    0.069038     0.096121 
    0.066754     0.087154 
    0.076110     0.114844 
    0.076213     0.101535 
    0.067522     0.085310 
    0.072112     0.091072 
    0.069423     0.097685 
    0.073266     0.113905 
    0.075867     0.112648 
    0.068786     0.104727 
    0.076058     0.083730 
    0.082174     0.088913 
    0.055639     0.108319 
    0.072323     0.097354 
    0.064014     0.094444 
    0.053920     0.099416 
    0.069454     0.106329 
    0.068661     0.117102 
    0.068473     0.089185 
    0.065813     0.106700 
    0.082211     0.096626 
    0.080603     0.087223 
    0.082722     0.089203 
    0.066758     0.098701 
    0.066392     0.106198 
    0.074377     0.095403 
    0.071781     0.096770 
    0.069596     0.121607 
    0.083880     0.095819 
    0.075294     0.096411 
    0.065407     0.097697 
    0.070331     0.105384 
    0.070489     0.095985 
    0.063807     0.092300 
    0.063378     0.082177 
